BUDGET = 80
TAU_VALUES = [0.43, None]
Optimal interventions: (array([  1,   2,   3,   8,   9,  11,  12,  13,  29,  31,  33,  36,  38,
        39,  44,  45,  48,  49,  51,  54,  60,  61,  64,  69,  70,  73,
        76,  78,  79,  82,  83,  84,  85,  86,  89,  95,  96,  97,  99,
       102, 103, 113, 115, 116, 117, 118, 119, 122, 124, 127, 128, 129,
       130, 132, 133, 138, 139, 141, 142, 143, 148, 149, 151, 152, 153,
       155, 156, 157, 158]),)

Optimal interventions: (array([  1,   2,   3,   8,   9,  11,  12,  13,  29,  31,  33,  36,  38,
        39,  44,  45,  48,  49,  51,  54,  60,  61,  64,  69,  70,  73,
        76,  78,  79,  82,  83,  84,  85,  86,  89,  95,  96,  97,  99,
       102, 103, 113, 115, 116, 117, 118, 119, 122, 124, 127, 128, 129,
       130, 132, 133, 134, 138, 139, 141, 142, 143, 148, 149, 151, 152,
       153, 155, 156, 157, 158]),)


BUDGET = 130
TAU_VALUES = [0.43, 0.75, None]

Optimization failed for tau<0.43
tau = 0.43 & 0.5 & 0.65
Optimal interventions: (array([  1,   2,   3,   8,   9,  11,  12,  13,  29,  31,  33,  36,  38,
        39,  44,  45,  48,  49,  51,  54,  60,  61,  64,  69,  70,  73,
        76,  78,  79,  82,  83,  84,  85,  86,  89,  95,  96,  97,  99,
       102, 103, 113, 115, 116, 117, 118, 119, 122, 124, 127, 128, 129,
       130, 132, 133, 134, 138, 139, 141, 142, 143, 148, 149, 151, 152,
       153, 155, 156, 157, 158]),)
tau = 0.75
Optimal interventions: (array([  1,   2,   3,   8,   9,  11,  12,  13,  29,  31,  33,  36,  38,
        39,  44,  45,  48,  49,  51,  54,  60,  61,  64,  69,  70,  73,
        76,  78,  79,  82,  83,  84,  85,  86,  89,  93,  95,  96,  97,
        99, 102, 103, 113, 115, 116, 117, 118, 119, 122, 124, 127, 128,
       129, 130, 132, 133, 134, 138, 139, 141, 142, 143, 148, 149, 151,
       152, 153, 155, 156, 157, 158]),)
tau = 0.85 & None
Optimal interventions: (array([  1,   2,   3,   8,   9,  11,  12,  13,  29,  31,  33,  36,  38,
        39,  44,  45,  48,  49,  51,  54,  60,  61,  64,  69,  70,  73,
        76,  78,  79,  82,  83,  84,  85,  86,  89,  95,  96,  97,  99,
       102, 103, 113, 115, 116, 117, 118, 119, 122, 124, 127, 128, 129,
       130, 132, 133, 138, 139, 141, 142, 143, 148, 149, 151, 152, 153,
       155, 156, 157, 158]),)

prediction problem - aggregate #n polls in neighbour
y_i = alphaP_i + beta(P_N(I))
hypothesis & abletion study